$ANSIBLE_VAULT;1.1;AES256
32386563366639333535346238383932616661323964613838383366386562613638343638663866
3466643962663239393235376166336264326465346336320a633839366561356639386435636562
35666365613039386133313436613262633962643365366665343333363030323738363861663963
3230353231333432620a653334396333346635376635306536323136633537303930613561616638
36316331393938643738383631326138663162383139346265393138353964363962333731323032
62643630616530316336623038373930666539633266366235346133306537653732353033633962
64393533303531343537343261333036646239643066363163613466663764666331626235616434
30623438373939383032363731343962633336303163373264363931386538613562353862656231
65623431386639646631366135363530346438353564353431653866633435373638313762346163
37323661393338336430343030356136393763623532646666633737336266386364616636663533
63616231346137336337613934376163373335313931396630306439363437376131396462366438
61633330666138363666613636633564666338636236656534346138616235306636336262313339
31386334653836626333313338616232393764393562353664653538363031313239656539383032
66383430396439353764653637343238386661636237343264313764333936383835346332376664
63343436346436313438353965326562663364333161306137366337663231663965663163366131
61303239613539346538393561616133333035326466633439663562343666616237633637616333
65376332343832366436383961633563643436343631363233363462616363313439663734353335
36333438323134313636616461653337323039623761633233393835663064666565616535313365
66303233633666303432313062323962323236636261323638303638303533326130366566623536
36316139613165333831316564363134343638393639326436373735343930663032383737356664
35386530643763653038376433333061323637366432326331336239303066383737393334313733
62313237653939316131613062313162633933643166376566386537656166366162343262373863
39656162333266373039643333323165303765323639653634313262393765623635616564336261
37653162316666356634363630646130623937333665623937333435353561373961653364306533
30626438386664396664366336356236653333313537623132333363356535316662313237363534
61653065333161326362393336333433313433393136303836343534356165346566636266653365
66383236636239623063653635326336376232316335663064326461613632373933316239306539
31656639613065383464326530313064393166393233313934666135343338616566623763633365
31306138356563613961656533626264393833653862346431376637623435363464356366623433
61656237376664343439373363343234623536326635343339353466373462626134653466323163
36636131643664393638323961316239616333613137363137343837336638643066303530343365
31663435323937346239313333316464303166373836653565306236343739383264366239656539
38343164623962353661376663616531323637636138306635326237633038636132353134616333
38653335316139383264343839323063656636333733346662636239323336643239346239393064
38376631323338626166383437333636356330646435323662326261343266383038393834366332
38303365303364646238663633396263656564383231653664353734316661633535613933383064
63323533663966613465623035353232323463363337666334343264623265616539343861623732
39646564323739376435633861613038333963666132646164316436383366366333303262353336
32353639653033626461656666616461626232333862383962633738626239653535623734616166
38323935633737393765316565376430643431333165393664626132393233343038633937303030
39616632356237616636396465626561323437343334356166636165643338353732653165636330
65653465346234316236376261636139353861636637353633616433393037316638396237333165
36393135636565663431656564333665333963326361353930323932636534303963663966326530
32653365303638626234666631356638323335313531356162333361356230656130383462623862
37643338373234316638373137363238393432303962626262613663383265633538326335633739
65666461646133386230366565393430656266626635383564323533303238323531666561633434
30383966663939616433373362663763343139323131366639653666613864363333313935393130
64663366636463663633366639386662336264633738626134346631333762633962626664383535
65383230393131643130353039646537633939663530643266386162656464646432326431653731
64386632633532636264623633663739343430633533326632313931356662313736653530643939
35373233653065373931326164343431386664626664633237313766316635306266623035376366
36353565613433323266623631353733393534303866336666656337386132333665383131353562
65356665663734616333653266663435363666316566346665663162313832373032353735313837
30376132363739616163373062383739363633303637366638646333346631316663393564393833
353463346266343638356635356536393031
